error(train): 0.07416666666666671
error(test): 0.25749999999999995